   3.0000000e+07
   3.0000000e+07
   3.0000000e+07
   2.0000000e+07
   5.0000000e+07
   2.0000000e+07
   3.0000000e+07
   1.0000000e+07
   2.0000000e+07
   2.0000000e+07
   2.3999900e+07
   3.4700000e+07
   3.2999900e+07
   6.9990000e+07
   2.5990000e+07
   4.4990000e+07
   2.9990000e+07
   1.9990000e+07
   4.9999800e+07
   5.0000000e+07
   2.0000000e+07
   2.0000000e+07
   2.0000000e+07
   2.0000000e+07
   5.0000000e+07
   2.4990000e+07
   4.6450000e+07
   4.6900000e+07
   4.7500000e+07
   2.9990000e+07
   3.4990000e+07
   1.6990000e+07
   3.1490000e+07
   5.7990000e+07
   2.8590000e+07
   2.4990000e+07
   2.2990000e+07
   3.4500000e+07
   5.4900000e+07
   2.0000000e+07
   3.0000000e+07
   3.0000000e+07
   3.0000000e+07
   2.0000000e+07
   1.0000000e+07
   2.0000000e+07
   2.0000000e+07
   1.0000000e+07
   2.0000000e+07
   2.0000000e+07